665 810 98 137
1491 582 85 110
992 840 88 119
1467 349 72 95
166 244 53 66
1295 706 88 111
641 210 48 63
377 331 53 68
747 158 56 72
913 1032 119 159
179 311 61 81
1393 221 52 66
675 421 60 83
23 625 96 125
703 23 29 42
475 320 59 74
1391 99 44 61
1220 861 94 126
546 756 77 115
86 156 42 52
691 646 82 103
1401 12 27 37
1320 203 57 80
947 273 61 67
1490 0 34 38
298 120 38 53
1257 599 73 93
224 675 86 119
1263 299 57 73
1235 179 50 62
143 80 46 54
1085 647 82 102
394 132 46 57
982 200 51 65
1077 430 67 79
230 7 36 46
1019 139 46 63
961 497 59 86
562 277 61 81
840 391 65 95
150 826 85 118
377 763 95 126
682 271 50 64
1434 830 90 107
538 443 66 87
90 56 34 43
973 43 34 48
864 684 86 106
30 961 108 127
1312 468 61 79
1555 90 45 54
43 416 73 88
511 561 78 112
459 2 40 53
692 580 69 79
384 228 50 68
855 127 44 62
1078 110 46 61
1179 1047 97 113
941 0 37 42
1440 981 122 164
1090 58 33 41
726 401 53 67
294 377 61 79
1176 99 38 47
393 1154 109 147
331 0 37 42
1554 277 55 77
143 1081 102 157
14 214 46 63
1336 14 37 50
633 137 47 60
516 112 37 49
569 28 31 38
630 1057 97 136
1297 121 37 46
26 290 52 68
319 561 80 106
1107 236 49 66
761 817 80 121
448 226 47 53
165 627 70 101
1124 183 74 90
97 210 62 89
916 95 45 59
740 280 58 76
1189 52 33 38
992 619 66 86
1541 220 53 59
1503 481 70 77
1462 43 35 45
784 40 38 46
1257 436 65 88
1165 166 63 85
244 233 43 63
1485 177 36 44
208 157 39 41
1308 9 20 28
933 147 21 31
412 0 23 27
